%YAML:1.0
---
calibration_time: "dom 31 oct 2021 18:25:28"
nframes: 10
image_width: 1920
image_height: 1080
board_width: 6
board_height: 4
square_size: 1.
aspectRatio: 1.
flags: 2
camera_matrix: !!opencv-matrix
   rows: 3
   cols: 3
   dt: d
   data: [ 1.2715495600960276e+03, 0., 9.9019632172583556e+02, 0.,
       1.2715495600960276e+03, 6.2627423230075465e+02, 0., 0., 1. ]
distortion_coefficients: !!opencv-matrix
   rows: 5
   cols: 1
   dt: d
   data: [ -2.3833909020764186e-02, -4.4070464818271826e-01,
       8.9026193247325035e-03, 2.7292061179420374e-04,
       3.8265036025499666e+00 ]
avg_reprojection_error: 1.2455553159731998e-01
per_view_reprojection_errors: !!opencv-matrix
   rows: 10
   cols: 1
   dt: f
   data: [ 1.12930462e-01, 1.37290448e-01, 1.32171825e-01,
       1.25946507e-01, 1.09543100e-01, 1.03798479e-01, 1.19194888e-01,
       1.26696199e-01, 1.25910625e-01, 1.46014675e-01 ]
extrinsic_parameters: !!opencv-matrix
   rows: 10
   cols: 6
   dt: d
   data: [ 2.8374771037504615e-01, -1.7767949058229143e-01,
       -3.8243536659616072e-02, -3.2070155715111182e+00,
       -2.9751634262880504e+00, 1.4913348466489097e+01,
       2.9469296886914620e-01, -1.5554555947516388e-01,
       -3.3022694528599218e-02, -3.1168331240473583e+00,
       -2.8604062741650975e+00, 1.5018856889825280e+01,
       3.0879125055682716e-01, -1.3468052636741062e-01,
       -2.7269214788939414e-02, -3.0233324259555920e+00,
       -2.7339742394914928e+00, 1.5035572137910126e+01,
       3.2248942332818292e-01, -1.1777080399970656e-01,
       -2.3430339857167727e-02, -2.9670583988194434e+00,
       -2.5838210736177492e+00, 1.4957601626608394e+01,
       3.3992558142923629e-01, -1.0548965493918759e-01,
       -1.9841455290142366e-02, -2.9266853706630864e+00,
       -2.4249206355964161e+00, 1.4739248114909092e+01,
       3.5615777408248744e-01, -9.5041127343247128e-02,
       -1.6824452829316962e-02, -2.9063659962535406e+00,
       -2.2934359251171119e+00, 1.4434126583402545e+01,
       3.7166168929072113e-01, -8.0255725416310639e-02,
       -1.4830336898172555e-02, -2.8831856855133378e+00,
       -2.2022888389574540e+00, 1.4079286831413269e+01,
       3.8294994821451517e-01, -7.1126325359480796e-02,
       -1.4394324310633384e-02, -2.8488669963626090e+00,
       -2.1678851478242489e+00, 1.3770683667105180e+01,
       3.9902371397045822e-01, -5.8908550166935754e-02,
       -1.3301343042603385e-02, -2.7640801534075887e+00,
       -2.1545029247405094e+00, 1.3228301528055507e+01,
       4.1232300371473862e-01, -4.8220671290753324e-02,
       -1.3300008672461575e-02, -2.6540783244049480e+00,
       -2.1376132294390717e+00, 1.2674792344932655e+01 ]
image_points: !!opencv-matrix
   rows: 10
   cols: 24
   dt: "2f"
   data: [ 7.18559570e+02, 3.75326202e+02, 8.04015015e+02,
       3.72425934e+02, 8.87425903e+02, 3.69696198e+02, 9.69294128e+02,
       3.67222626e+02, 1.04910107e+03, 3.65074036e+02, 1.12752368e+03,
       3.63115295e+02, 7.24224304e+02, 4.58964752e+02, 8.07955627e+02,
       4.55376984e+02, 8.89923706e+02, 4.52000580e+02, 9.70595154e+02,
       4.48523529e+02, 1.04928455e+03, 4.45617676e+02, 1.12630920e+03,
       4.42732880e+02, 7.29503174e+02, 5.40442017e+02, 8.12010437e+02,
       5.35915771e+02, 8.92762939e+02, 5.31571960e+02, 9.71858154e+02,
       5.27754578e+02, 1.04933752e+03, 5.23657654e+02, 1.12527100e+03,
       5.20094177e+02, 7.34860657e+02, 6.18851562e+02, 8.15776611e+02,
       6.13745117e+02, 8.95278015e+02, 6.08704712e+02, 9.73074524e+02,
       6.03988464e+02, 1.04943567e+03, 5.99356506e+02, 1.12404565e+03,
       5.95195374e+02, 7.28025574e+02, 3.86420898e+02, 8.12568359e+02,
       3.83769714e+02, 8.95847107e+02, 3.81343872e+02, 9.77488525e+02,
       3.78952576e+02, 1.05772913e+03, 3.77088928e+02, 1.13630103e+03,
       3.75128326e+02, 7.33211060e+02, 4.69391083e+02, 8.16453064e+02,
       4.66048492e+02, 8.98080750e+02, 4.63032715e+02, 9.78652466e+02,
       4.60020294e+02, 1.05745996e+03, 4.57172485e+02, 1.13467346e+03,
       4.54646820e+02, 7.38460205e+02, 5.49852295e+02, 8.20396606e+02,
       5.45845215e+02, 9.00600403e+02, 5.41921448e+02, 9.79524170e+02,
       5.38261780e+02, 1.05696265e+03, 5.34949463e+02, 1.13307349e+03,
       5.31657654e+02, 7.43455933e+02, 6.27275391e+02, 8.23843140e+02,
       6.22910339e+02, 9.03083435e+02, 6.18322449e+02, 9.80558594e+02,
       6.13972534e+02, 1.05667590e+03, 6.09852295e+02, 1.13145923e+03,
       6.05985962e+02, 7.35965088e+02, 3.97005737e+02, 8.20722046e+02,
       3.94753174e+02, 9.03926392e+02, 3.92618164e+02, 9.85910645e+02,
       3.90747620e+02, 1.06654321e+03, 3.88825562e+02, 1.14595703e+03,
       3.87150116e+02, 7.40909058e+02, 4.79816406e+02, 8.24242859e+02,
       4.76886780e+02, 9.06067932e+02, 4.73920227e+02, 9.86450806e+02,
       4.71226746e+02, 1.06583850e+03, 4.68860535e+02, 1.14378711e+03,
       4.66558685e+02, 7.46039856e+02, 5.59468750e+02, 8.27619690e+02,
       5.55972473e+02, 9.08009460e+02, 5.52581482e+02, 9.87166931e+02,
       5.49297363e+02, 1.06506873e+03, 5.46508850e+02, 1.14152759e+03,
       5.43472595e+02, 7.50985718e+02, 6.36422180e+02, 8.31098450e+02,
       6.32581665e+02, 9.10007751e+02, 6.28513367e+02, 9.87671265e+02,
       6.24780823e+02, 1.06414697e+03, 6.21112732e+02, 1.13950525e+03,
       6.17593323e+02, 7.39377625e+02, 4.08600861e+02, 8.24520081e+02,
       4.06274628e+02, 9.08266174e+02, 4.04166321e+02, 9.91048950e+02,
       4.02301788e+02, 1.07266638e+03, 4.00482727e+02, 1.15302832e+03,
       3.99175140e+02, 7.44476440e+02, 4.91082062e+02, 8.27959412e+02,
       4.88469696e+02, 9.10205200e+02, 4.85811249e+02, 9.91570618e+02,
       4.83290680e+02, 1.07163489e+03, 4.81185699e+02, 1.15052319e+03,
       4.78803345e+02, 7.49303101e+02, 5.70848755e+02, 8.31372314e+02,
       5.67655640e+02, 9.12194885e+02, 5.64433777e+02, 9.91836731e+02,
       5.61591125e+02, 1.07032581e+03, 5.58785522e+02, 1.14800220e+03,
       5.56137451e+02, 7.54463013e+02, 6.47561096e+02, 8.34577209e+02,
       6.43714600e+02, 9.13812561e+02, 6.40196777e+02, 9.92008850e+02,
       6.36886108e+02, 1.06914136e+03, 6.33572388e+02, 1.14522498e+03,
       6.30415955e+02, 7.39021606e+02, 4.18844604e+02, 8.25414062e+02,
       4.16869720e+02, 9.10632629e+02, 4.14761597e+02, 9.94866028e+02,
       4.12898102e+02, 1.07807288e+03, 4.11458435e+02, 1.15999133e+03,
       4.10024384e+02, 7.44323547e+02, 5.02145111e+02, 8.28977905e+02,
       4.99478088e+02, 9.12350159e+02, 4.97095428e+02, 9.94959229e+02,
       4.94780640e+02, 1.07656311e+03, 4.92794067e+02, 1.15680750e+03,
       4.90765961e+02, 7.49309021e+02, 5.82410828e+02, 8.32338318e+02,
       5.79328186e+02, 9.14079773e+02, 5.76358215e+02, 9.95010681e+02,
       5.73717529e+02, 1.07500354e+03, 5.71085449e+02, 1.15371204e+03,
       5.68675171e+02, 7.54428772e+02, 6.59161743e+02, 8.35530945e+02,
       6.55800903e+02, 9.15912842e+02, 6.52522644e+02, 9.95052856e+02,
       6.49215637e+02, 1.07333228e+03, 6.46414551e+02, 1.15060828e+03,
       6.43398926e+02, 7.35740662e+02, 4.26071808e+02, 8.23658630e+02,
       4.24004181e+02, 9.10892578e+02, 4.22096771e+02, 9.97002869e+02,
       4.20299896e+02, 1.08234570e+03, 4.18858551e+02, 1.16636340e+03,
       4.17624908e+02, 7.41144348e+02, 5.10707886e+02, 8.27127380e+02,
       5.08042206e+02, 9.12552612e+02, 5.05787567e+02, 9.96867676e+02,
       5.03554718e+02, 1.08019543e+03, 5.01626312e+02, 1.16256384e+03,
       4.99907532e+02, 7.46358093e+02, 5.91553284e+02, 8.30667114e+02,
       5.88779297e+02, 9.14112122e+02, 5.86120667e+02, 9.96703308e+02,
       5.83474915e+02, 1.07838940e+03, 5.81323303e+02, 1.15893921e+03,
       5.78790649e+02, 7.51628113e+02, 6.69127319e+02, 8.34055969e+02,
       6.65990234e+02, 9.15666992e+02, 6.63078552e+02, 9.96519104e+02,
       6.60089661e+02, 1.07647180e+03, 6.57177246e+02, 1.15543201e+03,
       6.54520996e+02, 7.31334534e+02, 4.29160858e+02, 8.21556213e+02,
       4.27135681e+02, 9.10905518e+02, 4.25293457e+02, 9.99679199e+02,
