%YAML:1.0
---
calibration_time: "lun 20 dic 2021 10:21:42"
nframes: 10
image_width: 1920
image_height: 1080
board_width: 6
board_height: 4
square_size: 1.
aspectRatio: 1.
flags: 2
camera_matrix: !!opencv-matrix
   rows: 3
   cols: 3
   dt: d
   data: [ 1.1575500149987761e+03, 0., 9.3160768483784250e+02, 0.,
       1.1575500149987761e+03, 5.5499992685465872e+02, 0., 0., 1. ]
distortion_coefficients: !!opencv-matrix
   rows: 5
   cols: 1
   dt: d
   data: [ 4.4824084822572031e-02, -3.6598356537122040e-01,
       1.2285964676815224e-02, -1.2863972536114064e-02,
       1.0844424630120444e+00 ]
avg_reprojection_error: 2.7854243786893673e-01
per_view_reprojection_errors: !!opencv-matrix
   rows: 10
   cols: 1
   dt: f
   data: [ 2.40428358e-01, 2.50121325e-01, 2.21352339e-01,
       2.58389592e-01, 2.54070014e-01, 2.58654892e-01, 3.66813570e-01,
       3.40037346e-01, 2.50597775e-01, 3.08706373e-01 ]
extrinsic_parameters: !!opencv-matrix
   rows: 10
   cols: 6
   dt: d
   data: [ 1.0532218812392062e-01, 3.6316591304186430e-01,
       1.3171469429311000e-01, -1.1965087299468788e+00,
       -2.6664071763061732e+00, 1.3879942451917501e+01,
       1.0428471804798858e-01, 3.1457047649863734e-01,
       1.2216334312832837e-01, -9.0044099121193855e-01,
       -2.7426052805702184e+00, 1.3970967795581302e+01,
       9.7445413869580402e-02, 2.6583731058469784e-01,
       1.1281418499728485e-01, -7.1160834914683890e-01,
       -2.8012873124471014e+00, 1.3984404538583769e+01,
       9.2062664384836360e-02, 2.2263709787259361e-01,
       1.0252059502174919e-01, -6.5130139203851134e-01,
       -2.7601635923370962e+00, 1.4001610363127305e+01,
       8.0600252295357458e-02, 1.2714625157106907e-01,
       7.3816061829182794e-02, -7.2093632154104825e-01,
       -2.5419529004172614e+00, 1.4063362601461449e+01,
       7.7958415022047090e-02, 7.8260181930920297e-02,
       5.6045583358324227e-02, -7.7175719076837546e-01,
       -2.4486867207917333e+00, 1.4061163935574207e+01,
       6.3423364922485778e-02, -2.2667119394713994e-03,
       2.2590213913972132e-02, -7.3569395913829072e-01,
       -2.3752174107218411e+00, 1.4003144710485326e+01,
       6.0442818375358844e-02, -4.8770876335509250e-02,
       3.0244929374150307e-03, -6.7645290473278152e-01,
       -2.3751993484197920e+00, 1.3865000703920650e+01,
       6.3258577083214959e-02, -1.2402127482378762e-01,
       -2.3422280585019873e-02, -6.4655469470083193e-01,
       -2.3674902000174551e+00, 1.3498299096442757e+01,
       6.8934792924442490e-02, -1.9302184372679621e-01,
       -4.4752885124385501e-02, -8.7919605626601038e-01,
       -2.2773008741282830e+00, 1.3028166257999438e+01 ]
image_points: !!opencv-matrix
   rows: 10
   cols: 24
   dt: "2f"
   data: [ 8.31440063e+02, 3.33540558e+02, 9.07995605e+02,
       3.40647522e+02, 9.88379089e+02, 3.48317505e+02, 1.07273169e+03,
       3.56437714e+02, 1.16140991e+03, 3.64752136e+02, 1.25466626e+03,
       3.74007355e+02, 8.23324463e+02, 4.16399811e+02, 8.99204956e+02,
       4.25451202e+02, 9.78680115e+02, 4.35192963e+02, 1.06233313e+03,
       4.45271484e+02, 1.14987390e+03, 4.56008820e+02, 1.24218994e+03,
       4.67552185e+02, 8.15279663e+02, 4.98127289e+02, 8.90315918e+02,
       5.09241577e+02, 9.68861572e+02, 5.20870911e+02, 1.05162793e+03,
       5.33097290e+02, 1.13838049e+03, 5.46140076e+02, 1.22946460e+03,
       5.59656799e+02, 8.07526245e+02, 5.78506775e+02, 8.81595093e+02,
       5.91520447e+02, 9.59528259e+02, 6.05051392e+02, 1.04116565e+03,
       6.19374634e+02, 1.12682983e+03, 6.34383240e+02, 1.21692297e+03,
       6.50139099e+02, 8.56775757e+02, 3.28979187e+02, 9.34916687e+02,
       3.35541138e+02, 1.01584491e+03, 3.42742645e+02, 1.10063025e+03,
       3.50465027e+02, 1.18872998e+03, 3.58445374e+02, 1.28085889e+03,
       3.66866089e+02, 8.48865784e+02, 4.11084351e+02, 9.26107605e+02,
       4.19521759e+02, 1.00689130e+03, 4.28335327e+02, 1.09064246e+03,
       4.37729187e+02, 1.17814026e+03, 4.47623627e+02, 1.26946631e+03,
       4.58241669e+02, 8.41209534e+02, 4.92279907e+02, 9.17815613e+02,
       5.02539551e+02, 9.97406738e+02, 5.13127686e+02, 1.08076038e+03,
       5.24216858e+02, 1.16744238e+03, 5.35933289e+02, 1.25765369e+03,
       5.48177246e+02, 8.33530701e+02, 5.72382690e+02, 9.09426697e+02,
       5.84380005e+02, 9.88628052e+02, 5.96460144e+02, 1.07070300e+03,
       6.09274170e+02, 1.15667822e+03, 6.22492676e+02, 1.24626477e+03,
       6.36465271e+02, 8.72491577e+02, 3.24240021e+02, 9.51847290e+02,
       3.30641174e+02, 1.03385303e+03, 3.37412933e+02, 1.11871106e+03,
       3.44553497e+02, 1.20653333e+03, 3.52246246e+02, 1.29754138e+03,
       3.60200989e+02, 8.64818604e+02, 4.06333374e+02, 9.43652893e+02,
       4.14133972e+02, 1.02534644e+03, 4.22504944e+02, 1.10954211e+03,
       4.31145538e+02, 1.19667053e+03, 4.40215942e+02, 1.28668848e+03,
       4.49490143e+02, 8.57523499e+02, 4.87668945e+02, 9.35517700e+02,
       4.97161957e+02, 1.01665863e+03, 5.06869568e+02, 1.10022144e+03,
       5.16734558e+02, 1.18663403e+03, 5.27335693e+02, 1.27617993e+03,
       5.38177002e+02, 8.49999573e+02, 5.68328430e+02, 9.27664368e+02,
       5.78943115e+02, 1.00789648e+03, 5.89729187e+02, 1.09094739e+03,
       6.01354492e+02, 1.17664526e+03, 6.13195618e+02, 1.26542834e+03,
       6.25368835e+02, 8.77521729e+02, 3.27632080e+02, 9.57778931e+02,
       3.33836456e+02, 1.04026355e+03, 3.40395905e+02, 1.12499414e+03,
       3.47310760e+02, 1.21201514e+03, 3.54179382e+02, 1.30146033e+03,
       3.61602692e+02, 8.70483521e+02, 4.09868073e+02, 9.50204590e+02,
       4.17351044e+02, 1.03230994e+03, 4.25052246e+02, 1.11650061e+03,
       4.32824524e+02, 1.20301685e+03, 4.41135223e+02, 1.29172656e+03,
       4.49582367e+02, 8.63492371e+02, 4.91508301e+02, 9.42680115e+02,
       4.99904938e+02, 1.02414661e+03, 5.08756744e+02, 1.10775940e+03,
       5.17705688e+02, 1.19384937e+03, 5.27311035e+02, 1.28222266e+03,
       5.36984070e+02, 8.56738098e+02, 5.71843201e+02, 9.35381592e+02,
       5.81680359e+02, 1.01629297e+03, 5.91566406e+02, 1.09941016e+03,
       6.01932251e+02, 1.18469312e+03, 6.12375854e+02, 1.27227429e+03,
       6.22877930e+02, 8.72081421e+02, 3.46299561e+02, 9.53273132e+02,
       3.51513092e+02, 1.03574500e+03, 3.56632355e+02, 1.11935974e+03,
       3.62388123e+02, 1.20383594e+03, 3.67778442e+02, 1.28977026e+03,
       3.73542206e+02, 8.66886414e+02, 4.28380798e+02, 9.47611328e+02,
       4.34114227e+02, 1.02975171e+03, 4.40023651e+02, 1.11324207e+03,
       4.45915009e+02, 1.19741772e+03, 4.52063507e+02, 1.28274890e+03,
       4.58320679e+02, 8.61785583e+02, 5.09849731e+02, 9.42303284e+02,
       5.16150269e+02, 1.02398834e+03, 5.22459351e+02, 1.10676404e+03,
       5.29209961e+02, 1.19068347e+03, 5.35998291e+02, 1.27576624e+03,
       5.42546509e+02, 8.56814331e+02, 5.90487122e+02, 9.36717651e+02,
       5.97404419e+02, 1.01817639e+03, 6.04515747e+02, 1.10061096e+03,
       6.11593018e+02, 1.18418567e+03, 6.18688843e+02, 1.26856665e+03,
       6.26113892e+02, 8.67699036e+02, 3.53922302e+02, 9.49551697e+02,
       3.58259216e+02, 1.03178699e+03, 3.62587402e+02, 1.11482349e+03,
       3.66908234e+02, 1.19811865e+03, 3.71739044e+02, 1.28205212e+03,
       3.76327209e+02, 8.63901001e+02, 4.35989319e+02, 9.45297546e+02,
       4.40558563e+02, 1.02719385e+03, 4.45376404e+02, 1.10982739e+03,
       4.49841400e+02, 1.19304944e+03, 4.54672729e+02, 1.27663940e+03,
       4.59795563e+02, 8.59891174e+02, 5.17529724e+02, 9.41183899e+02,
       5.22508118e+02, 1.02276685e+03, 5.27482910e+02, 1.10526892e+03,
       5.32446167e+02, 1.18782190e+03, 5.37612366e+02, 1.27122290e+03,
       5.42593262e+02, 8.56339050e+02, 5.98375732e+02, 9.37086792e+02,
       6.03557495e+02, 1.01836261e+03, 6.08736694e+02, 1.10031458e+03,
       6.14155273e+02, 1.18272241e+03, 6.19473389e+02, 1.26542383e+03,
       6.24784241e+02, 8.70163635e+02, 3.58970703e+02, 9.52668213e+02,
       3.61515106e+02, 1.03455383e+03, 3.63955261e+02, 1.11644336e+03,
